30,6
30,5
30,4
30,3
30,2
30,1
29,6
29,5
29,4
29,3
29,2
29,1
4294967279,431
4294967278,372
28,6
28,5
28,4
28,3
28,2
28,1
27,6
27,5
27,4
27,3
27,2
27,1
4294967278,371
4294967279,430
4294967278,370
4294967278,369
4294967279,429
4294967278,368
4294967279,428
4294967279,427
4294967278,367
26,6
26,5
26,4
26,3
26,2
26,1
4294967278,366
4294967278,365
25,6
25,5
25,4
25,3
25,2
25,1
4294967279,426
4294967278,364
24,6
24,5
24,4
24,3
24,2
24,1
23,6
23,5
23,4
23,3
23,2
23,1
4294967278,363
4294967279,425
4294967278,362
4294967278,361
4294967279,424
4294967279,423
22,6
22,5
22,4
22,3
22,2
22,1
4294967279,422
4294967278,360
4294967279,421
4294967279,420
4294967278,359
4294967278,358
4294967279,419
21,6
21,5
21,4
21,3
21,2
21,1
4294967279,418
4294967279,417
4294967279,416
20,6
20,5
20,4
20,3
20,2
20,1
4294967279,415
4294967279,414
19,6
19,5
19,4
19,3
19,2
19,1
4294967278,357
4294967279,413
4294967279,412
4294967278,356
18,6
18,5
18,4
18,3
18,2
18,1
4294967279,411
4294967279,410
17,6
17,5
17,4
17,3
17,2
17,1
4294967278,355
16,6
16,5
16,4
16,3
16,2
16,1
4294967278,354
4294967279,409
4294967278,353
4294967278,352
4294967279,408
4294967279,407
15,6
15,5
15,4
15,3
15,2
15,1
4294967278,351
4294967279,406
4294967278,350
4294967278,349
4294967279,405
4294967278,348
4294967278,347
4294967279,404
4294967278,346
4294967279,403
4294967278,345
4294967279,402
4294967278,344
4294967279,401
4294967278,343
4294967279,400
4294967278,342
4294967278,341
4294967279,399
14,6
14,5
14,4
14,3
14,2
14,1
4294967294,460
4294967278,340
4294967293,131
4294967293,130
4294967293,129
4294967293,128
4294967293,127
4294967293,126
4294967293,125
4294967293,124
4294967293,123
4294967293,122
4294967293,121
4294967293,120
4294967293,119
4294967293,118
4294967293,117
4294967293,116
4294967293,115
4294967293,114
4294967293,113
4294967293,112
4294967293,111
4294967293,110
4294967293,109
4294967293,108
4294967293,107
4294967293,106
4294967293,105
4294967293,104
4294967293,103
4294967293,102
4294967293,101
4294967293,100
4294967293,99
4294967293,98
4294967293,97
4294967293,96
4294967293,95
4294967293,94
4294967293,93
4294967293,92
4294967293,91
4294967293,90
4294967293,89
4294967293,88
4294967293,87
4294967293,86
4294967293,85
4294967293,84
4294967293,83
4294967293,82
4294967293,81
4294967293,80
4294967293,79
4294967293,78
4294967293,77
4294967293,76
4294967293,75
4294967293,74
4294967293,73
4294967293,72
4294967293,71
4294967293,70
4294967293,69
4294967293,68
4294967293,67
4294967293,66
4294967293,65
4294967293,64
4294967293,63
4294967293,62
4294967293,61
4294967293,60
4294967293,59
4294967293,58
4294967293,57
4294967293,56
4294967293,55
4294967293,54
4294967293,53
4294967293,52
4294967293,51
4294967293,50
4294967293,49
4294967293,48
4294967293,47
4294967293,46
4294967293,45
4294967293,44
4294967293,43
4294967293,42
4294967293,41
4294967293,40
4294967293,39
4294967293,38
4294967293,37
4294967293,36
4294967293,35
4294967293,34
4294967293,33
4294967293,32
4294967293,31
4294967293,30
4294967293,29
4294967293,28
4294967293,27
4294967293,26
4294967293,25
4294967293,24
4294967293,23
4294967293,22
4294967293,21
4294967293,20
4294967293,19
4294967293,18
4294967293,17
4294967293,16
4294967293,15
4294967293,14
4294967293,13
4294967293,12
4294967293,11
4294967293,10
4294967293,9
4294967293,8
4294967293,7
4294967293,6
4294967293,5
4294967293,4
4294967293,3
4294967293,2
4243767290,0
4243767289,0
4243767288,0
4243767287,0
4243767286,0
4243767285,0
4243767284,0
4243767283,0
4243767282,0
4243767281,0
4294967293,0
4294967279,173
4294967279,59
4294967279,176
4294967279,60
4294967279,61
4294967279,397
4294967279,62
4294967279,177
4294967279,178
4294967279,179
4294967279,63
4294967279,64
4294967279,308
4294967279,65
4294967279,180
4294967279,309
4294967279,181
